1.0	0.409175	1.88318
1.0	0.182603	0.0
1.0	0.663687	0.0
1.0	0.517395	2.305004
1.0	0.013643	0.0
1.0	0.469643	1.662809
1.0	0.725426	0.0
1.0	0.39435	1.118077
1.0	0.50776	2.095059
1.0	0.237395	1.181912
1.0	0.057534	0.0
1.0	0.36982	0.938453
1.0	0.976819	4.149409
1.0	0.616051	0.0
1.0	0.4137	1.896278
1.0	0.105279	0.0
1.0	0.670273	0.0
1.0	0.952758	4.135358
1.0	0.272316	0.859063
1.0	0.303697	1.170272
1.0	0.486698	1.68796
1.0	0.51181	1.979745
1.0	0.195865	0.0
1.0	0.986769	4.052137
1.0	0.785623	0.0
1.0	0.797583	0.0
1.0	0.081306	0.0
1.0	0.659753	0.0
1.0	0.37527	0.999743
1.0	0.819136	4.048082
1.0	0.142432	0.0
1.0	0.215112	0.816693
1.0	0.04127	0.0
1.0	0.044136	0.0
1.0	0.131337	0.0
1.0	0.463444	2.124538
1.0	0.671905	0.0
1.0	0.946559	4.01739
1.0	0.904176	4.004021
1.0	0.306674	1.022555
1.0	0.819006	3.657442
1.0	0.845472	4.073619
1.0	0.156258	0.0
1.0	0.857185	3.640429
1.0	0.400158	1.808497
1.0	0.375395	1.431404
1.0	0.885807	3.935544
1.0	0.23996	1.162152
1.0	0.14864	0.0
1.0	0.143143	0.0
1.0	0.321582	0.825051
1.0	0.509393	2.008645
1.0	0.355891	0.664566
1.0	0.938633	4.180202
1.0	0.348057	0.864845
1.0	0.438898	1.851174
1.0	0.781419	0.0
1.0	0.911333	4.075914
1.0	0.032469	0.0
1.0	0.499985	2.181987
1.0	0.771663	0.0
1.0	0.670361	0.0
1.0	0.176202	0.0
1.0	0.39217	1.062726
1.0	0.911188	3.651742
1.0	0.872288	4.40195
1.0	0.733107	0.0
1.0	0.610239	0.0
1.0	0.732739	0.0
1.0	0.714825	0.0
1.0	0.076386	0.0
1.0	0.559009	1.748275
1.0	0.427258	1.912047
1.0	0.841875	3.710686
1.0	0.558918	1.719148
1.0	0.533241	2.17409
1.0	0.956665	3.656357
1.0	0.620393	0.0
1.0	0.56612	2.234126
1.0	0.523258	1.859772
1.0	0.476884	2.097017
1.0	0.176408	0.0
1.0	0.303094	1.231928
1.0	0.609731	0.0
1.0	0.017774	0.0
1.0	0.622616	0.0
1.0	0.886539	3.943428
1.0	0.148654	0.0
1.0	0.10435	0.0
1.0	0.116868	0.0
1.0	0.516514	2.359786
1.0	0.664896	0.0
1.0	0.004327	0.0
1.0	0.425559	1.904109
1.0	0.743671	0.0
1.0	0.935185	3.845834
1.0	0.6973	0.0
1.0	0.444551	1.939739
1.0	0.683753	0.0
1.0	0.755993	0.0
1.0	0.90269	4.116296
1.0	0.094491	0.0
1.0	0.873831	4.066299
1.0	0.99181	4.011834
1.0	0.185611	0.0
1.0	0.694551	0.0
1.0	0.657275	0.0
1.0	0.118746	0.0
1.0	0.084302	0.0
1.0	0.945341	4.330063
1.0	0.785827	0.0
1.0	0.530933	2.269988
1.0	0.879594	4.010701
1.0	0.65277	0.0
1.0	0.879338	3.723411
1.0	0.764739	0.0
1.0	0.504884	2.192787
1.0	0.554203	2.081305
1.0	0.493209	1.714463
1.0	0.363783	0.885854
1.0	0.316465	1.028187
1.0	0.580283	1.951497
1.0	0.542898	1.709427
1.0	0.112661	0.0
1.0	0.816742	3.88024
1.0	0.234175	0.921876
1.0	0.402804	1.979316
1.0	0.709423	0.0
1.0	0.867298	3.476122
1.0	0.993392	3.993679
1.0	0.71158	0.0
1.0	0.133643	0.0
1.0	0.052031	0.0
1.0	0.366806	1.096814
1.0	0.697521	0.0
1.0	0.787262	0.0
1.0	0.47671	2.061264
1.0	0.721417	0.0
1.0	0.230376	0.71671
1.0	0.104397	0.0
1.0	0.197834	0.0
1.0	0.129291	0.0
1.0	0.528528	1.942286
1.0	0.009493	0.0
1.0	0.998533	3.808753
1.0	0.363522	0.652799
1.0	0.901386	4.053747
1.0	0.832693	4.56929
1.0	0.119002	0.0
1.0	0.487638	2.066236
1.0	0.153667	0.0
1.0	0.238619	1.089268
1.0	0.208197	1.487788
1.0	0.750921	0.0
1.0	0.183403	0.0
1.0	0.995608	3.73775
1.0	0.151311	0.0
1.0	0.126804	0.0
1.0	0.983153	3.892763
1.0	0.772495	0.0
1.0	0.784133	0.0
1.0	0.056934	0.0
1.0	0.425584	1.810782
1.0	0.998709	4.237235
1.0	0.707815	0.0
1.0	0.413816	1.742106
1.0	0.217152	1.16925
1.0	0.360503	0.831165
1.0	0.977989	3.729376
1.0	0.507953	1.823205
1.0	0.920771	4.02197
1.0	0.210542	1.262939
1.0	0.928611	4.159518
1.0	0.580373	2.039114
1.0	0.84139	4.101837
1.0	0.68153	0.0
1.0	0.292795	1.228284
1.0	0.456918	1.73662
1.0	0.134128	0.0
1.0	0.016241	0.0
1.0	0.691214	0.0
1.0	0.582002	2.063627
1.0	0.303102	0.89884
1.0	0.622598	0.0
1.0	0.525024	1.992909
1.0	0.996775	3.811393
1.0	0.881025	4.353857
1.0	0.723457	0.0
1.0	0.676346	0.0
1.0	0.254625	1.352682
1.0	0.488632	2.336459
1.0	0.519875	2.111651
1.0	0.160176	0.0
1.0	0.609483	0.0
1.0	0.531881	2.103446
1.0	0.321632	0.896855
1.0	0.845148	4.22085
1.0	0.012003	0.0
1.0	0.018883	0.0
1.0	0.071476	0.0
